Leaning by doing-3
Draw the adjacency list digraph representation for the input below.
12
16
8 4
2 3
1 11
0 6
3 6
10 3
7 11
7 8
11 8
2 0
6 2
5 2
5 10
3 10
8 1
4 1

    0 1 2 3 4 5 6 7 8 9 10 11
0   0 0 0 0 0 0 1 0 0 0 0  0 
1   0 0 0 0 0 0 0 0 0 0 0  1
2   1 0 0 1 0 0 0 0 0 0 0  0
3   0 0 0 0 0 0 1 0 0 0 1  0
4   1 0 0 0 0 0 0 0 0 0 0  0
5   0 0 1 0 0 0 0 0 0 0 1  0
6   0 0 1 0 0 0 0 0 0 0 0  0
7   0 0 0 0 0 0 0 0 1 0 0  1
8   1 0 0 0 1 0 0 0 0 0 0  0
9   0 0 0 0 0 0 0 0 0 0 0  0
10  0 0 0 1 0 0 0 0 0 0 0  0
11  0 0 0 0 0 0 0 0 1 0 0  0
